1.195520000000000000e+05 2.601770000000000000e+05
4.008020000000000000e+05 5.414270000000000000e+05
6.820520000000000000e+05 8.226770000000000000e+05
9.633020000000000000e+05 1.103927000000000000e+06
1.244552000000000000e+06 1.385177000000000000e+06
1.525802000000000000e+06 1.666427000000000000e+06
1.807052000000000000e+06 1.947677000000000000e+06
2.088302000000000000e+06 2.228927000000000000e+06
2.369552000000000000e+06 2.510177000000000000e+06
2.650802000000000000e+06 2.791427000000000000e+06
2.932052000000000000e+06 3.072677000000000000e+06
3.213302000000000000e+06 3.353927000000000000e+06
3.494552000000000000e+06 3.635177000000000000e+06
3.775802000000000000e+06 3.916427000000000000e+06
4.057052000000000000e+06 4.197677000000000000e+06
4.338302000000000000e+06 4.478927000000000000e+06
4.619552000000000000e+06 4.760177000000000000e+06
4.900802000000000000e+06 5.041427000000000000e+06
5.182052000000000000e+06 5.322677000000000000e+06
5.463302000000000000e+06 5.603927000000000000e+06
5.744552000000000000e+06 5.885177000000000000e+06
6.025802000000000000e+06 6.166427000000000000e+06
6.307052000000000000e+06 6.447677000000000000e+06
6.588302000000000000e+06 6.728927000000000000e+06
6.869552000000000000e+06 7.010177000000000000e+06
7.150802000000000000e+06 7.291427000000000000e+06
7.432052000000000000e+06 7.572677000000000000e+06
7.713302000000000000e+06 7.853927000000000000e+06
7.994552000000000000e+06 8.135177000000000000e+06
8.275802000000000000e+06 8.416427000000000000e+06
