1.559340000000000000e+05 3.903090000000000000e+05
6.246840000000000000e+05 8.590590000000000000e+05
1.093434000000000000e+06 1.327809000000000000e+06
1.562184000000000000e+06 1.796559000000000000e+06
2.030934000000000000e+06 2.265309000000000000e+06
2.499684000000000000e+06 2.734059000000000000e+06
2.968434000000000000e+06 3.202809000000000000e+06
3.437184000000000000e+06 3.671559000000000000e+06
3.905934000000000000e+06 4.140309000000000000e+06
4.374684000000000000e+06 4.609059000000000000e+06
4.843434000000000000e+06 5.077809000000000000e+06
5.312184000000000000e+06 5.546559000000000000e+06
5.780934000000000000e+06 6.015309000000000000e+06
6.249684000000000000e+06 6.484059000000000000e+06
6.718434000000000000e+06 6.952809000000000000e+06
7.187184000000000000e+06 7.421559000000000000e+06
7.655934000000000000e+06 7.890309000000000000e+06
8.124684000000000000e+06 8.359059000000000000e+06
8.593434000000000000e+06 8.827809000000000000e+06
9.062184000000000000e+06 9.296559000000000000e+06
9.530934000000000000e+06 9.765309000000000000e+06
9.999684000000000000e+06 1.023405900000000000e+07
1.046843400000000000e+07 1.070280900000000000e+07
1.093718400000000000e+07 1.117155900000000000e+07
1.140593400000000000e+07 1.164030900000000000e+07
1.187468400000000000e+07 1.210905900000000000e+07
1.234343400000000000e+07 1.257780900000000000e+07
1.281218400000000000e+07 1.304655900000000000e+07
1.328093400000000000e+07 1.351530900000000000e+07
1.374968400000000000e+07 1.398405900000000000e+07
1.421843400000000000e+07 1.445280900000000000e+07
1.468718400000000000e+07 1.492155900000000000e+07
1.515593400000000000e+07 1.539030900000000000e+07
1.562468400000000000e+07 1.585905900000000000e+07
1.609343400000000000e+07 1.632780900000000000e+07
1.656218400000000000e+07 1.679655900000000000e+07
1.703093400000000000e+07 1.726530900000000000e+07
1.749968400000000000e+07 1.773405900000000000e+07
1.796843400000000000e+07 1.820280900000000000e+07
1.843718400000000000e+07 1.867155900000000000e+07
1.890593400000000000e+07 1.914030900000000000e+07
1.937468400000000000e+07 1.960905900000000000e+07
1.984343400000000000e+07 2.007780900000000000e+07
2.031218400000000000e+07 2.054655900000000000e+07
2.078093400000000000e+07 2.101530900000000000e+07
2.124968400000000000e+07 2.148405900000000000e+07
2.171843400000000000e+07 2.195280900000000000e+07
2.218718400000000000e+07 2.242155900000000000e+07
2.265593400000000000e+07 2.289030900000000000e+07
2.312468400000000000e+07 2.335905900000000000e+07
2.359343400000000000e+07 2.382780900000000000e+07
2.406218400000000000e+07 2.429655900000000000e+07
2.453093400000000000e+07 2.476530900000000000e+07
2.499968400000000000e+07 2.523405900000000000e+07
2.546843400000000000e+07 2.570280900000000000e+07
