1.540300000000000000e+04
2.114000000000000000e+04
2.424400000000000000e+04
2.787600000000000000e+04
4.632600000000000000e+04
1.224360000000000000e+05
1.251660000000000000e+05
1.405600000000000000e+05
1.432870000000000000e+05
1.462040000000000000e+05
1.494100000000000000e+05
1.529660000000000000e+05
1.568610000000000000e+05
1.608330000000000000e+05
1.642970000000000000e+05
1.671130000000000000e+05
1.695190000000000000e+05
1.719020000000000000e+05
1.741030000000000000e+05
1.765160000000000000e+05
1.790430000000000000e+05
2.109730000000000000e+05
2.179260000000000000e+05
2.266240000000000000e+05
