1.524000000000000000e+04
1.593300000000000000e+04
2.494900000000000000e+04
2.856500000000000000e+04
4.623200000000000000e+04
4.920900000000000000e+04
1.214210000000000000e+05
1.253460000000000000e+05
1.280100000000000000e+05
1.424730000000000000e+05
1.451750000000000000e+05
1.481060000000000000e+05
1.513330000000000000e+05
1.548530000000000000e+05
1.624990000000000000e+05
1.656890000000000000e+05
1.682860000000000000e+05
1.706150000000000000e+05
1.729630000000000000e+05
1.752500000000000000e+05
1.776260000000000000e+05
1.801390000000000000e+05
2.147830000000000000e+05
2.165110000000000000e+05
2.273390000000000000e+05
