1.565400000000000000e+04
2.443600000000000000e+04
2.804400000000000000e+04
4.603100000000000000e+04
5.197000000000000000e+04
9.218900000000000000e+04
1.188640000000000000e+05
1.229390000000000000e+05
1.259580000000000000e+05
1.417940000000000000e+05
1.446710000000000000e+05
1.477010000000000000e+05
1.509550000000000000e+05
1.545470000000000000e+05
1.584970000000000000e+05
1.622450000000000000e+05
1.653370000000000000e+05
1.679320000000000000e+05
1.701980000000000000e+05
1.724300000000000000e+05
1.746110000000000000e+05
1.768770000000000000e+05
1.793310000000000000e+05
2.105080000000000000e+05
2.157000000000000000e+05
2.174300000000000000e+05
2.263470000000000000e+05
