1.536800000000000000e+04
2.108900000000000000e+04
2.410700000000000000e+04
2.788900000000000000e+04
4.032000000000000000e+04
4.620000000000000000e+04
5.286500000000000000e+04
1.203880000000000000e+05
1.243560000000000000e+05
1.270840000000000000e+05
1.418140000000000000e+05
1.445290000000000000e+05
1.474410000000000000e+05
1.505310000000000000e+05
1.539700000000000000e+05
1.577470000000000000e+05
1.616240000000000000e+05
1.648540000000000000e+05
1.675890000000000000e+05
1.699860000000000000e+05
1.723430000000000000e+05
1.746470000000000000e+05
1.770280000000000000e+05
1.795750000000000000e+05
1.821760000000000000e+05
2.109070000000000000e+05
2.144340000000000000e+05
2.161510000000000000e+05
2.178730000000000000e+05
2.267030000000000000e+05
