2.388400000000000000e+04
2.742500000000000000e+04
4.556400000000000000e+04
5.171400000000000000e+04
1.110320000000000000e+05
1.245050000000000000e+05
1.273890000000000000e+05
1.418630000000000000e+05
1.445520000000000000e+05
1.473620000000000000e+05
1.504240000000000000e+05
1.538010000000000000e+05
1.574780000000000000e+05
1.612820000000000000e+05
1.646720000000000000e+05
1.674320000000000000e+05
1.698560000000000000e+05
1.722240000000000000e+05
1.744500000000000000e+05
1.793130000000000000e+05
1.818820000000000000e+05
2.106890000000000000e+05
2.142670000000000000e+05
2.160440000000000000e+05
2.178290000000000000e+05
2.270420000000000000e+05
