1.399900000000000000e+04
1.478500000000000000e+04
2.077300000000000000e+04
2.373500000000000000e+04
2.733600000000000000e+04
4.525900000000000000e+04
4.804200000000000000e+04
1.224480000000000000e+05
1.253660000000000000e+05
1.409010000000000000e+05
1.437350000000000000e+05
1.467100000000000000e+05
1.499880000000000000e+05
1.534920000000000000e+05
1.574340000000000000e+05
1.613310000000000000e+05
1.645950000000000000e+05
1.673280000000000000e+05
1.696980000000000000e+05
1.719680000000000000e+05
1.741130000000000000e+05
1.764300000000000000e+05
2.155830000000000000e+05
2.173170000000000000e+05
2.263020000000000000e+05
