1.746900000000000000e+04
2.321600000000000000e+04
2.670100000000000000e+04
3.091400000000000000e+04
4.760500000000000000e+04
5.437800000000000000e+04
1.063480000000000000e+05
1.257930000000000000e+05
1.283790000000000000e+05
1.427990000000000000e+05
1.454650000000000000e+05
1.484650000000000000e+05
1.516060000000000000e+05
1.550950000000000000e+05
1.589510000000000000e+05
1.625060000000000000e+05
1.654590000000000000e+05
1.680000000000000000e+05
1.703630000000000000e+05
1.725550000000000000e+05
1.748240000000000000e+05
1.770870000000000000e+05
1.794190000000000000e+05
2.100280000000000000e+05
2.135090000000000000e+05
2.152050000000000000e+05
2.169080000000000000e+05
2.220380000000000000e+05
2.255140000000000000e+05
2.272550000000000000e+05
