1.537800000000000000e+04
1.605800000000000000e+04
2.205000000000000000e+04
2.532900000000000000e+04
4.702900000000000000e+04
9.741500000000000000e+04
1.109180000000000000e+05
1.202150000000000000e+05
1.243870000000000000e+05
1.272830000000000000e+05
1.428740000000000000e+05
1.458340000000000000e+05
1.490080000000000000e+05
1.524620000000000000e+05
1.563370000000000000e+05
1.603940000000000000e+05
1.639350000000000000e+05
1.668310000000000000e+05
1.692980000000000000e+05
1.715460000000000000e+05
1.738190000000000000e+05
1.760310000000000000e+05
1.784570000000000000e+05
1.808630000000000000e+05
2.145500000000000000e+05
2.162860000000000000e+05
2.180260000000000000e+05
2.270470000000000000e+05
