1.315600000000000000e+04
1.878800000000000000e+04
2.163600000000000000e+04
2.468100000000000000e+04
3.311300000000000000e+04
4.383300000000000000e+04
4.978000000000000000e+04
9.576500000000000000e+04
1.094400000000000000e+05
1.179290000000000000e+05
1.217780000000000000e+05
1.245510000000000000e+05
1.344210000000000000e+05
1.399990000000000000e+05
1.427530000000000000e+05
1.456440000000000000e+05
1.488150000000000000e+05
1.521230000000000000e+05
1.558290000000000000e+05
1.597890000000000000e+05
1.634740000000000000e+05
1.664270000000000000e+05
1.689060000000000000e+05
1.712850000000000000e+05
1.734700000000000000e+05
1.757990000000000000e+05
1.782020000000000000e+05
1.939540000000000000e+05
2.107190000000000000e+05
2.143240000000000000e+05
2.178810000000000000e+05
2.269060000000000000e+05
