1.383600000000000000e+04
1.455800000000000000e+04
2.043700000000000000e+04
2.320100000000000000e+04
2.666700000000000000e+04
3.525600000000000000e+04
3.900000000000000000e+04
4.489100000000000000e+04
4.755000000000000000e+04
5.048600000000000000e+04
9.463000000000000000e+04
9.908500000000000000e+04
1.059850000000000000e+05
1.176130000000000000e+05
1.210700000000000000e+05
1.216990000000000000e+05
1.246520000000000000e+05
1.399730000000000000e+05
1.405830000000000000e+05
1.432980000000000000e+05
1.461850000000000000e+05
1.492850000000000000e+05
1.526110000000000000e+05
1.563810000000000000e+05
1.602930000000000000e+05
1.637840000000000000e+05
1.665640000000000000e+05
1.689740000000000000e+05
1.713280000000000000e+05
1.735020000000000000e+05
1.757990000000000000e+05
1.780880000000000000e+05
1.805410000000000000e+05
2.098780000000000000e+05
2.135220000000000000e+05
2.153300000000000000e+05
2.171470000000000000e+05
2.261920000000000000e+05
2.278960000000000000e+05
