1.263300000000000000e+04
1.327100000000000000e+04
1.967400000000000000e+04
2.258800000000000000e+04
2.612200000000000000e+04
3.543700000000000000e+04
3.948000000000000000e+04
4.549500000000000000e+04
5.156800000000000000e+04
5.984200000000000000e+04
9.217200000000000000e+04
9.622000000000000000e+04
1.068340000000000000e+05
1.187330000000000000e+05
1.229470000000000000e+05
1.258130000000000000e+05
1.406600000000000000e+05
1.413170000000000000e+05
1.440510000000000000e+05
1.468990000000000000e+05
1.500260000000000000e+05
1.535050000000000000e+05
1.576070000000000000e+05
1.618020000000000000e+05
1.651990000000000000e+05
1.679610000000000000e+05
1.703420000000000000e+05
1.727420000000000000e+05
1.750470000000000000e+05
1.774580000000000000e+05
1.799670000000000000e+05
1.825170000000000000e+05
2.103730000000000000e+05
2.138370000000000000e+05
2.155580000000000000e+05
2.172750000000000000e+05
2.262500000000000000e+05
2.280410000000000000e+05
