1.511600000000000000e+04
2.166600000000000000e+04
2.499000000000000000e+04
2.891300000000000000e+04
4.632000000000000000e+04
4.921900000000000000e+04
5.241100000000000000e+04
1.195830000000000000e+05
1.236000000000000000e+05
1.264970000000000000e+05
1.422060000000000000e+05
1.450990000000000000e+05
1.482100000000000000e+05
1.515290000000000000e+05
1.550420000000000000e+05
1.588800000000000000e+05
1.624530000000000000e+05
1.654600000000000000e+05
1.680050000000000000e+05
1.702540000000000000e+05
1.724960000000000000e+05
1.747310000000000000e+05
1.792930000000000000e+05
2.102490000000000000e+05
2.137300000000000000e+05
2.154200000000000000e+05
2.171320000000000000e+05
2.260030000000000000e+05
