1.509100000000000000e+04
1.571300000000000000e+04
2.111300000000000000e+04
2.392800000000000000e+04
2.731900000000000000e+04
3.964100000000000000e+04
4.522500000000000000e+04
4.814800000000000000e+04
5.103300000000000000e+04
5.869600000000000000e+04
9.105300000000000000e+04
9.515800000000000000e+04
1.181130000000000000e+05
1.221410000000000000e+05
1.250200000000000000e+05
1.398970000000000000e+05
1.424980000000000000e+05
1.451820000000000000e+05
1.481510000000000000e+05
1.513810000000000000e+05
1.549800000000000000e+05
1.589640000000000000e+05
1.625290000000000000e+05
1.655040000000000000e+05
1.679590000000000000e+05
1.704120000000000000e+05
1.726050000000000000e+05
1.771630000000000000e+05
1.999490000000000000e+05
2.091650000000000000e+05
2.128160000000000000e+05
2.145850000000000000e+05
2.163780000000000000e+05
2.254310000000000000e+05
