1.714600000000000000e+04
2.314600000000000000e+04
2.667100000000000000e+04
3.108200000000000000e+04
4.787600000000000000e+04
5.088000000000000000e+04
1.200250000000000000e+05
1.239710000000000000e+05
1.267270000000000000e+05
1.417260000000000000e+05
1.445370000000000000e+05
1.475780000000000000e+05
1.507490000000000000e+05
1.543250000000000000e+05
1.582010000000000000e+05
1.618860000000000000e+05
1.649940000000000000e+05
1.675880000000000000e+05
1.698900000000000000e+05
1.721580000000000000e+05
1.743060000000000000e+05
1.765270000000000000e+05
1.787930000000000000e+05
1.812410000000000000e+05
2.094590000000000000e+05
2.129710000000000000e+05
2.147830000000000000e+05
2.164340000000000000e+05
2.251580000000000000e+05
