1.416900000000000000e+04
1.499500000000000000e+04
2.078700000000000000e+04
2.370100000000000000e+04
2.717900000000000000e+04
4.553700000000000000e+04
9.937000000000000000e+04
1.213620000000000000e+05
1.253690000000000000e+05
1.279490000000000000e+05
1.424370000000000000e+05
1.452540000000000000e+05
1.481980000000000000e+05
1.514700000000000000e+05
1.551370000000000000e+05
1.590850000000000000e+05
1.627490000000000000e+05
1.657040000000000000e+05
1.682200000000000000e+05
1.704840000000000000e+05
1.728520000000000000e+05
1.751850000000000000e+05
1.801940000000000000e+05
2.114690000000000000e+05
2.149740000000000000e+05
2.167200000000000000e+05
2.184430000000000000e+05
2.273660000000000000e+05
