1.443300000000000000e+04
2.268300000000000000e+04
2.578800000000000000e+04
4.415100000000000000e+04
4.690700000000000000e+04
1.233420000000000000e+05
1.263500000000000000e+05
1.416110000000000000e+05
1.444130000000000000e+05
1.474730000000000000e+05
1.506850000000000000e+05
1.542460000000000000e+05
1.582110000000000000e+05
1.620310000000000000e+05
1.652420000000000000e+05
1.678740000000000000e+05
1.701840000000000000e+05
1.724690000000000000e+05
1.746660000000000000e+05
1.769030000000000000e+05
1.793800000000000000e+05
2.109120000000000000e+05
2.144860000000000000e+05
2.162030000000000000e+05
2.180150000000000000e+05
2.267610000000000000e+05
