1.517900000000000000e+04
2.116800000000000000e+04
2.427700000000000000e+04
2.808200000000000000e+04
3.706100000000000000e+04
4.039500000000000000e+04
4.600800000000000000e+04
4.866900000000000000e+04
9.038300000000000000e+04
9.426800000000000000e+04
1.020600000000000000e+05
1.052570000000000000e+05
1.082240000000000000e+05
1.102350000000000000e+05
1.165310000000000000e+05
1.199070000000000000e+05
1.205090000000000000e+05
1.233590000000000000e+05
1.309550000000000000e+05
1.339210000000000000e+05
1.396870000000000000e+05
1.425480000000000000e+05
1.455330000000000000e+05
1.487500000000000000e+05
1.516010000000000000e+05
1.522760000000000000e+05
1.560570000000000000e+05
1.600570000000000000e+05
1.636100000000000000e+05
1.665360000000000000e+05
1.689850000000000000e+05
1.696970000000000000e+05
1.714340000000000000e+05
1.736680000000000000e+05
1.760200000000000000e+05
1.783940000000000000e+05
1.808680000000000000e+05
2.097760000000000000e+05
2.133480000000000000e+05
2.150830000000000000e+05
2.167810000000000000e+05
2.256460000000000000e+05
2.274970000000000000e+05
2.292250000000000000e+05
