1.584100000000000000e+04
2.496800000000000000e+04
2.867700000000000000e+04
4.564400000000000000e+04
1.173410000000000000e+05
1.245120000000000000e+05
1.401120000000000000e+05
1.427610000000000000e+05
1.455620000000000000e+05
1.486080000000000000e+05
1.518650000000000000e+05
1.595110000000000000e+05
1.630010000000000000e+05
1.658520000000000000e+05
1.682310000000000000e+05
1.706210000000000000e+05
1.728370000000000000e+05
1.773990000000000000e+05
2.089350000000000000e+05
2.160260000000000000e+05
2.248650000000000000e+05
