1.606000000000000000e+04
1.666300000000000000e+04
2.255100000000000000e+04
2.578800000000000000e+04
2.996100000000000000e+04
4.744400000000000000e+04
9.631000000000000000e+04
1.185640000000000000e+05
1.251530000000000000e+05
1.403560000000000000e+05
1.431890000000000000e+05
1.461330000000000000e+05
1.493680000000000000e+05
1.530160000000000000e+05
1.609990000000000000e+05
1.646660000000000000e+05
1.674690000000000000e+05
1.698490000000000000e+05
1.722230000000000000e+05
1.744250000000000000e+05
1.766610000000000000e+05
1.790440000000000000e+05
2.100450000000000000e+05
2.135660000000000000e+05
2.170510000000000000e+05
2.258200000000000000e+05
2.275960000000000000e+05
